0.362582
0.284640
0.293561
0.876118
0.881916
0.101036
0.390028
0.303711
0.665796
0.666907
0.853051
0.542935
0.229011
0.189467
0.871692
0.687604
0.221109
0.397855
0.308412
0.523625
0.626066
0.205118
0.874027
0.223216
0.183903
0.685834
0.565530
0.606847
0.727910
0.710080
0.485984
0.946850
0.880366
0.965457
0.455804
0.161975
0.834957
0.706421
0.986959
0.432738
0.616595
0.302839
0.705469
0.223583
0.192914
0.953679
0.355950
0.350645
0.108274
0.765387
0.328707
0.921264
0.456934
0.052834
0.097873
0.888077
0.619331
0.358708
0.742750
0.636513
0.445503
0.581641
0.958742
0.995141
0.815856
0.813427
0.325298
0.645559
0.255446
0.219017
0.728199
0.187691
0.151682
0.412030
0.362582
0.975536
0.902346
0.308983
0.258669
0.739953
0.411088
0.676527
0.612900
0.737293
0.447211
0.005759
0.273152
0.533640
0.670461
0.355320
0.261877
0.424258
0.833187
0.770848
0.910626
0.362698
0.671719
0.729646
0.177188
0.519032
0.110846
0.252208
0.842028
0.103053
0.219097
0.379184
0.517481
0.317279
0.719708
0.101370
0.090705
0.452224
0.850020
0.266792
0.248649
0.904761
0.233107
0.702756
0.159796
0.870547
0.648748
0.302839
0.112370
0.958322
0.177357
0.336428
0.107832
0.459866
0.920074
0.740096
0.057632
0.941907
0.644372
0.605888
0.147728
0.036999
0.273866
0.411904
0.139917
0.365258
0.141055
0.434032
0.959988
0.393074
0.638960
0.757280
0.863644
0.412030
0.616595
0.849898
0.576379
0.992922
0.359227
0.673051
0.588600
0.749254
0.632956
0.888884
0.576890
0.839476
0.368532
0.689815
0.341364
0.353719
0.341364
0.150325
0.966523
0.669129
0.291312
0.035928
0.093818
0.518116
0.836594
0.081910
0.731815
0.012459
0.804079
0.254273
0.801468
0.484614
0.607953
0.255355
0.645336
0.860050
0.238801
0.689520
0.140166
0.050782
0.255943
0.130263
0.898257
0.669647
0.769940
0.008738
0.609208
0.239101
0.042434
0.865165
0.772522
0.090176
0.842276
0.220786
0.255807
0.861587
0.587207
0.816445
0.456336
0.661944
0.584935
0.337975
0.553872
0.202923
0.812703
0.660017
0.392403
0.529938
0.037419
0.934215
0.610980
0.842710
0.279915
0.359227
0.616595
0.758341
0.896912
0.191184
0.238073
0.445897
0.028277
0.495073
0.260178
0.250201
0.239016
0.542935
0.624141
0.195022
0.111276
0.529299
0.752812
0.500479
0.091274
0.410963
0.376206
0.933129
0.180897
0.201870
0.852931
0.835398
0.455339
0.956618
0.540141
0.526388
0.729936
0.636513
0.319829
0.192878
0.219900
0.384401
0.294113
0.573534
0.860819
0.432480
0.747256
0.733258
0.428037
0.760954
0.278225
0.819967
0.024964
0.480650
0.998920
0.717961
0.354576
0.750038
0.830584
0.136254
0.064951
0.667055
0.170515
0.670461
0.922355
0.743538
0.147902
0.960807
0.951024
0.036172
0.877803
0.045979
0.366659
0.231261
0.743538
0.608101
0.127327
0.605077
0.141445
0.359227
0.122735
0.304276
0.480173
0.685539
0.160976
0.285818
0.073479
0.809003
0.576233
0.833883
0.125277
0.087794
0.714170
0.936727
0.497496
0.083955
0.645040
0.431383
0.958742
0.639256
0.646300
0.428551
0.671423
0.826107
0.805547
0.815004
0.408646
0.931950
0.669943
0.724431
0.743538
0.349625
0.693350
0.172650
0.880477
0.336649
0.221109
0.294465
0.879867
0.700995
0.238244
0.259674
0.225791
0.343151
0.711980
0.368415
0.972439
0.930930
0.461001
0.052326
0.819512
0.767211
0.183000
0.340863
0.531290
0.120287
0.998000
0.551059
0.670757
0.708617
0.890170
0.150766
0.281808
0.372888
0.356696
0.627325
0.720653
0.605371
0.774193
0.702903
0.697028
0.911062
0.133574
0.311696
0.122735
0.554521
0.649415
0.123876
0.119295
0.520726
0.339806
0.998000
0.887484
0.252791
0.748470
0.111731
0.633623
0.256351
0.403912
0.491001
0.545734
0.110350
0.846719
0.551347
0.605077
0.646152
0.128197
0.628658
0.469190
0.705469
0.317756
0.867954
0.821655
0.120505
0.678154
0.753736
0.610020
0.850142
0.602349
0.512138
0.493001
0.937417
0.144118
0.585448
0.700995
0.478538
0.228306
0.145971
0.626881
0.898257
0.880477
0.098198
0.632363
0.444650
0.563134
0.075816
0.983462
0.489074
0.257212
0.793845
0.121873
0.864640
0.412847
0.549186
0.777663
0.816968
0.708471
0.962016
0.958807
0.846167
0.073951
0.755439
0.802474
0.947737
0.299265
0.046823
0.840660
0.311696
0.247015
0.138322
0.631177
0.219017
0.922626
0.518539
0.671719
0.930460
0.060762
0.623623
0.719562
0.283368
0.280351
0.371589
0.132094
0.915604
0.408646
0.197001
0.458799
0.282928
0.717014
0.776138
0.742750
0.535352
0.388996
0.489693
0.101956
0.646671
0.273961
0.668018
0.748969
0.833314
0.603013
0.123106
0.743538
0.509896
0.085883
0.589407
0.466363
0.257212
0.760672
0.989463
0.362989
0.949087
0.677045
0.659350
0.679927
0.015608
0.768122
0.487906
0.371471
0.350645
0.015187
0.062648
0.876118
0.092058
0.605077
0.188933
0.904761
0.474259
0.643408
0.001557
0.104161
0.597711
0.517200
0.620145
0.085236
0.746471
0.917761
0.522564
0.910432
0.029734
0.215474
0.872434
0.247015
0.440073
0.777178
0.347928
0.098727
0.005435
0.250290
0.109141
0.716868
0.482425
0.670609
0.198033
0.605666
0.021692
0.996123
0.131647
0.740240
0.622069
0.041672
0.734340
0.093370
0.560452
0.585448
0.876343
0.862117
0.606478
0.444453
0.529299
0.001163
0.130107
0.800327
0.524404
0.028656
0.259080
0.521786
0.273247
0.359804
0.618222
0.643928
0.643779
0.879755
0.754800
0.485847
0.295219
0.724576
0.989972
0.205689
0.203224
0.200149
0.494313
0.716431
0.254859
0.814150
0.780361
0.183521
0.875385
0.961616
0.400815
0.803076
0.383739
0.216346
0.034869
0.917854
0.516144
0.647116
0.169017
0.936359
0.434161
0.587500
0.061531
0.341364
0.620441
0.588014
0.872434
0.077067
0.635550
0.752670
0.973046
0.738875
0.920166
0.412030
0.898463
0.168402
0.574336
0.515510
0.731670
0.537995
0.737293
0.303506
0.246268
0.303608
0.847516
0.786756
0.483451
0.708324
0.395338
0.791059
0.521927
0.581787
0.304174
0.187020
0.800596
0.406026
0.534424
0.950953
0.735421
0.421643
0.850020
0.179256
0.827775
0.318552
0.937862
0.411779
0.583544
0.422726
0.220947
0.123602
0.352465
0.542792
0.249402
0.156088
0.085774
0.098625
0.150178
0.495834
0.472228
0.832617
0.208217
0.963595
0.278129
0.303352
0.795471
0.028742
0.790309
0.593740
0.861587
0.966208
0.670757
0.898927
0.226243
0.311696
0.050659
0.998713
0.953679
0.820941
0.020245
0.096265
0.280739
0.077067
0.764334
0.448923
0.183000
0.617409
0.172848
0.521645
0.480650
0.438119
0.652604
0.319031
0.172782
0.957179
0.777940
0.676232
0.594034
0.832363
0.791059
0.870317
0.609060
0.302480
0.815266
0.989067
0.623475
0.245390
0.170221
0.291960
0.966837
0.026830
0.749254
0.138623
0.057381
0.564731
0.412721
0.279045
0.261877
0.216504
0.491483
0.950097
0.052707
0.057985
0.821784
0.441508
0.415052
0.733547
0.141138
0.056548
0.905411
0.417770
0.154698
0.549042
0.489280
0.503052
0.013746
0.467842
0.618962
0.092231
0.918458
0.288382
0.105755
0.028205
0.532999
0.150589
0.521645
0.160603
0.408896
0.230092
0.158132
0.146862
0.973421
0.944901
0.080063
0.351725
0.280739
0.334005
0.536566
0.044232
0.548394
0.459399
0.367009
0.075334
0.613861
0.529014
0.661944
0.712929
0.053570
0.508496
0.618370
0.435716
0.626214
0.376622
0.652900
0.254183
0.317173
0.082361
0.755580
0.313637
0.489556
0.572295
0.512770
0.827390
0.645188
0.015212
0.134561
0.645040
0.520091
0.853051
0.413917
0.172419
0.432222
0.023085
0.172287
0.156362
0.948286
0.582885
0.250201
0.888884
0.284346
0.564223
0.172650
0.555749
0.002202
0.788535
0.208294
0.825142
0.483587
0.288481
0.369706
0.353091
0.949557
0.810856
0.688857
0.791807
0.344047
0.359343
0.851357
0.098279
0.670461
0.142228
0.875723
0.641332
0.379064
0.202170
0.087116
0.526246
0.175308
0.932499
0.580983
0.334005
0.152572
0.028459
0.773706
0.098198
0.619479
0.263446
0.367009
0.455339
0.481060
0.742750
0.316167
0.444912
0.990686
0.425345
0.534282
0.543724
0.126311
0.491483
0.645485
0.054938
0.112621
0.835776
0.797094
0.996658
0.938747
0.379303
0.172650
0.531147
0.850810
0.022893
0.784973
0.694601
0.987167
0.371707
0.234119
0.381158
0.186246
0.931398
0.523483
0.902801
0.656607
0.879978
0.456668
0.987372
0.369177
0.099793
0.526104
0.509126
0.797229
0.063631
0.558714
0.619627
0.160416
0.001755
0.397732
0.205461
0.269652
0.364093
0.598373
0.743538
0.536923
0.937255
0.814872
0.048309
0.173444
0.347928
0.204549
0.323898
0.014738
0.646968
0.064018
0.799991
0.580983
0.977047
0.972388
0.620737
0.461001
0.728199
0.264372
0.241992
0.938466
0.680371
0.882522
0.033027
0.554016
0.708983
0.811714
0.335601
0.443470
0.782154
0.694160
0.889474
0.688857
0.413413
0.506260
0.479015
0.537351
0.173212
0.909262
0.792963
0.969471
0.862470
0.506399
0.108119
0.867317
0.491346
0.325675
0.809136
0.690626
0.737293
0.521150
0.542648
0.984804
0.211470
0.661944
0.692393
0.607142
0.836342
0.673643
0.064671
0.135446
0.827518
0.716212
0.565820
0.718325
0.803076
0.323414
0.242773
0.900158
0.891661
0.179495
0.909994
0.220343
0.977002
0.511998
0.180143
0.983181
0.158347
0.567855
0.095153
0.955449
0.928128
0.316273
0.414358
0.520232
0.856956
0.749753
0.977047
0.422471
0.600729
0.228762
0.727910
0.845244
0.633771
0.075062
0.745685
0.024279
0.346350
0.005282
0.802206
0.923213
0.959160
0.379961
0.600581
0.659350
0.097974
0.608396
0.494313
0.149621
0.778702
0.298402
0.977002
0.249136
0.718616
0.830711
0.995564
0.718470
0.580690
0.576087
0.420943
0.102145
0.832490
0.363105
0.368884
0.105993
0.612088
0.412030
0.619479
0.330612
0.854859
0.351838
0.678967
0.660017
0.060420
0.614821
0.538138
0.425537
0.490450
0.617704
0.916122
0.649860
0.008399
0.966580
0.681183
0.845921
0.694307
0.951484
0.189788
0.222607
0.158932
0.260453
0.716212
0.373124
0.130393
0.506399
0.099649
0.241905
0.719271
0.450902
0.918365
0.749753
0.683398
0.833187
0.245215
0.768752
0.626214
0.285523
0.970463
0.613565
0.481947
0.643928
0.550122
0.006846
0.305616
0.355950
0.588967
0.292510
0.094798
0.499854
0.918968
0.340863
0.380619
0.942412
0.790786
0.172419
0.748969
0.256124
0.528233
0.255943
0.623993
0.947183
0.021672
0.226695
0.938466
0.853956
0.969768
0.550915
0.313742
0.858923
0.093409
0.716066
0.499299
0.091122
0.827518
0.851599
0.059236
0.986325
0.609356
0.939266
0.122316
0.577036
0.480173
0.673347
0.722398
0.262476
0.478130
0.771895
0.416125
0.402423
0.700188
0.236408
0.289125
0.684875
0.060933
0.407147
0.767351
0.991317
0.127813
0.142228
0.837974
0.719853
0.022807
0.578424
0.465959
0.202923
0.683398
0.554810
0.213936
0.410524
0.549330
0.611940
0.794591
0.695558
0.471214
0.491483
0.273866
0.723487
0.045208
0.072839
0.400691
0.073104
0.037108
0.622365
0.880477
0.081945
0.823595
0.006612
0.885586
0.912413
0.113472
0.190002
0.544657
0.719853
0.393074
0.191724
0.478402
0.142706
0.668832
0.373006
0.045999
0.946366
0.804346
0.026886
0.325783
0.210381
0.362466
0.580983
0.060131
0.612752
0.848434
0.192517
0.546668
0.752670
0.911787
0.172584
0.904110
0.162382
0.164368
0.908724
0.723995
0.517341
0.964695
0.288927
0.517481
0.093955
0.431512
0.062607
0.760954
0.108985
0.716066
0.098849
0.896808
0.705175
0.501104
0.304688
0.812440
0.917154
0.137966
0.202923
0.778079
0.537494
0.324489
0.135311
0.449318
0.216942
0.735133
0.082014
0.676527
0.060643
0.494796
0.792963
0.911787
0.569310
0.010631
0.142762
0.230092
0.618074
0.074394
0.735565
0.900158
0.371825
0.420371
0.114677
0.807543
0.984538
0.129666
0.664981
0.787646
0.772662
0.919476
0.257894
0.270453
0.372651
0.041962
0.105127
0.179836
0.164083
0.242946
0.395215
0.285179
0.768262
0.430674
0.080538
0.969363
0.617409
0.900822
0.560452
0.150266
0.565965
0.585448
0.674457
0.199888
0.430803
0.539353
0.817556
0.928041
0.628807
0.802206
0.697322
0.232182
0.641481
0.876231
0.777040
0.219378
0.104955
0.900260
0.747256
0.202095
0.088274
0.431899
0.837974
0.179563
0.663722
0.750180
0.358708
0.206797
0.894301
0.497496
0.750821
0.196376
0.935909
0.071896
0.041033
0.925359
0.264372
0.297085
0.012119
0.595651
0.792079
0.840660
0.739163
0.250201
0.339917
0.670609
0.716868
0.596092
0.631548
0.449186
0.303608
0.679262
0.928780
0.275824
0.294666
0.802942
0.627844
0.525325
0.209606
0.119512
0.138376
0.184495
0.324597
0.619627
0.396135
0.987544
0.562191
0.084309
0.576890
0.226489
0.296732
0.185194
0.244079
0.520726
0.367770
0.522564
0.830138
0.855399
0.381517
0.198440
0.602791
0.835650
0.428422
0.276015
0.267119
0.463008
0.266512
0.280642
0.513964
0.492518
0.904861
0.086588
0.591316
0.664981
0.718762
0.191580
0.848312
0.099259
0.663722
0.887484
0.763842
0.750180
0.532856
0.995249
0.481674
0.988938
0.828606
0.793574
0.674753
0.116340
0.721598
0.253194
0.766300
0.562989
0.158532
0.760178
0.145427
0.258897
0.050292
0.006067
0.157551
0.223501
0.769032
0.456070
0.851357
0.526388
0.100061
0.810261
0.693645
0.080794
0.017373
0.486259
0.031512
0.168305
0.770848
0.117786
0.542935
0.130211
0.408646
0.890383
0.670461
0.215158
0.825142
0.116293
0.367360
0.375196
0.805547
0.220343
0.916028
0.942412
0.217977
0.548682
0.051936
0.059210
0.850020
0.281905
0.249712
0.101851
0.857494
0.825014
0.099341
0.093448
0.875611
0.209297
0.075752
0.770709
0.636513
0.442489
0.569455
0.331649
0.549978
0.904210
0.955010
0.887484
0.343431
0.728995
0.444322
0.183590
0.548898
0.587500
0.086045
0.683915
0.928215
0.409584
0.583983
0.536423
0.794727
0.558425
0.597563
0.325190
0.204397
0.511367
0.812703
0.334885
0.424513
0.319244
0.792827
0.338696
0.824047
0.313059
0.912317
0.865282
0.280012
0.149241
0.802206
0.820941
0.344159
0.372356
0.494036
0.675566
0.176919
0.929256
0.622217
0.290764
0.308619
0.088348
0.282538
0.303044
0.694601
0.780499
0.662907
0.881197
0.370706
0.660313
0.856179
0.533925
0.345506
0.392830
0.837285
0.018806
0.853172
0.542648
0.546381
0.767211
0.647932
0.067781
0.043977
0.570693
0.832617
0.529938
0.850567
0.986325
0.764615
0.229925
0.643408
0.081016
0.955010
