0.564586
0.284640
0.911062
0.474124
0.881916
0.716722
0.390028
0.303711
0.929256
0.757563
0.853051
0.465086
0.522705
0.530721
0.974915
0.893038
0.221109
0.845244
0.308412
0.523625
0.205537
0.484614
0.004423
0.223216
0.893143
0.685834
0.348323
0.003307
0.656607
0.318340
0.876343
0.348549
0.281079
0.705762
0.783186
0.161975
0.834957
0.706421
0.986959
0.432738
0.616595
0.302839
0.705469
0.223583
0.451034
0.328925
0.300844
0.210381
0.466699
0.242165
0.088829
0.688710
0.270973
0.994824
0.309191
0.675418
0.735565
0.177054
0.969417
0.023053
0.228928
0.369412
0.807277
0.125000
0.880477
0.967627
0.318924
0.102546
0.112073
0.698792
0.139973
0.258122
0.406898
0.512138
0.564586
0.030464
0.990174
0.308983
0.258669
0.739953
0.411088
0.676527
0.612900
0.737293
0.447211
0.005759
0.273152
0.533640
0.670461
0.355320
0.261877
0.424258
0.833187
0.770848
0.910626
0.362698
0.671719
0.729646
0.177188
0.519032
0.110846
0.252208
0.842028
0.103053
0.219097
0.379184
0.517481
0.317279
0.719708
0.101370
0.090705
0.452224
0.850020
0.266792
0.248649
0.904761
0.233107
0.702756
0.159796
0.870547
0.648748
0.302839
0.112370
0.958322
0.177357
0.336428
0.107832
0.459866
0.920074
0.740096
0.057632
0.941907
0.644372
0.605888
0.147728
0.036999
0.273866
0.411904
0.139917
0.365258
0.141055
0.434032
0.959988
0.393074
0.638960
0.757280
0.863644
0.412030
0.140166
0.520867
0.741818
0.623179
0.134855
0.811714
0.814413
0.470472
0.432738
0.245303
0.889581
0.324705
0.152572
0.077510
0.575285
0.359343
0.625400
0.797229
0.816707
0.317756
0.706421
0.727910
0.306391
0.259491
0.403912
0.022235
0.738875
0.704662
0.061331
0.234753
0.404843
0.647932
0.998173
0.683103
0.056498
0.482562
0.673199
0.642000
0.689520
0.986109
0.219458
0.487288
0.231554
0.639405
0.522705
0.749895
0.032313
0.715629
0.645707
0.190539
0.174440
0.708324
0.429258
0.853172
0.298402
0.750180
0.282441
0.565021
0.095113
0.756218
0.160292
0.422599
0.600581
0.960399
0.340863
0.332634
0.155241
0.608396
0.475887
0.670757
0.189467
0.371353
0.303403
0.643779
0.140166
0.191652
0.293261
0.151534
0.141752
0.457800
0.714170
0.584349
0.586401
0.384401
0.799856
0.285523
0.884878
0.736214
0.809003
0.678967
0.189004
0.998229
0.706714
0.295219
0.203224
0.162916
0.213347
0.591022
0.277695
0.425921
0.009262
0.859813
0.540141
0.526388
0.729936
0.636513
0.319829
0.192878
0.219900
0.384401
0.294113
0.573534
0.860819
0.432480
0.747256
0.733258
0.428037
0.760954
0.278225
0.819967
0.024964
0.480650
0.998920
0.717961
0.354576
0.750038
0.830584
0.136254
0.064951
0.667055
0.170515
0.670461
0.922355
0.743538
0.147902
0.960807
0.951024
0.036172
0.877803
0.045979
0.366659
0.231261
0.743538
0.608101
0.127327
0.605077
0.141445
0.359227
0.122735
0.304276
0.480173
0.685539
0.160976
0.285818
0.073479
0.809003
0.576233
0.833883
0.125277
0.087794
0.714170
0.936727
0.497496
0.083955
0.645040
0.431383
0.958742
0.639256
0.646300
0.428551
0.671423
0.826107
0.805547
0.815004
0.408646
0.931950
0.669943
0.724431
0.743538
0.349625
0.693350
0.172650
0.880477
0.336649
0.221109
0.294465
0.879867
0.700995
0.238244
0.259674
0.225791
0.343151
0.711980
0.368415
0.972439
0.930930
0.461001
0.052326
0.819512
0.767211
0.183000
0.340863
0.531290
0.120287
0.998000
0.551059
0.670757
0.708617
0.890170
0.150766
0.281808
0.372888
0.356696
0.627325
0.720653
0.605371
0.774193
0.702903
0.697028
0.911062
0.133574
0.311696
0.122735
0.554521
0.649415
0.123876
0.119295
0.520726
0.339806
0.998000
0.887484
0.252791
0.748470
0.111731
0.633623
0.256351
0.403912
0.491001
0.545734
0.110350
0.846719
0.551347
0.605077
0.646152
0.128197
0.628658
0.469190
0.705469
0.317756
0.867954
0.821655
0.120505
0.678154
0.753736
0.610020
0.850142
0.602349
0.512138
0.493001
0.937417
0.144118
0.585448
0.700995
0.478538
0.228306
0.145971
0.626881
0.898257
0.880477
0.098198
0.632363
0.444650
0.563134
0.075816
0.983462
0.489074
0.257212
0.793845
0.121873
0.864640
0.412847
0.549186
0.777663
0.816968
0.708471
0.962016
0.958807
0.846167
0.073951
0.755439
0.802474
0.947737
0.299265
0.046823
0.840660
0.311696
0.703196
0.553078
0.092442
0.065133
0.785728
0.397179
0.936808
0.741818
0.881805
0.799722
0.344159
0.204625
0.890170
0.664018
0.644224
0.059287
0.066323
0.539998
0.182170
0.613861
0.627992
0.424833
0.522069
0.837034
0.421070
0.298402
0.828223
0.124399
0.697322
0.660017
0.134160
0.547963
0.556038
0.629103
0.693498
0.257303
0.195424
0.954569
0.637329
0.324382
0.006704
0.898463
0.983181
0.629770
0.226860
0.912317
0.741962
0.027729
0.324812
0.663055
0.960869
0.741029
0.333347
0.585595
0.094385
0.997825
0.903557
0.824305
0.874763
0.217021
0.752670
0.409584
0.422471
0.231637
0.336925
0.816837
0.119561
0.429386
0.737941
0.550915
0.294113
0.596092
0.455207
0.403477
0.703196
0.090629
0.062974
0.655643
0.493001
0.443209
0.035765
0.826557
0.938827
0.830711
0.350645
0.521009
0.319723
0.305822
0.039728
0.039585
0.991156
0.173079
0.943836
0.147352
0.905510
0.662388
0.531005
0.126742
0.395338
0.246443
0.963535
0.595504
0.540785
0.408084
0.333676
0.962016
0.094464
0.646152
0.854618
0.187161
0.819967
0.430545
0.669129
0.011419
0.745256
0.963144
0.548538
0.338197
0.200970
0.020842
0.706567
0.413539
0.564223
0.560959
0.907346
0.031247
0.267493
0.824176
0.495834
0.038662
0.222972
0.791943
0.275106
0.389117
0.016747
0.572441
0.498674
0.715921
0.273771
0.831538
0.621699
0.867433
0.298148
0.723342
0.087739
0.300028
0.642444
0.403477
0.471485
0.180451
0.746614
0.798241
0.849228
0.896444
0.192192
0.677341
0.694454
0.761871
0.100061
0.819512
0.041616
0.023393
0.513823
0.722543
0.925359
0.245565
0.726171
0.880976
0.205233
0.366366
0.269840
0.243120
0.047262
0.387420
0.249801
0.596754
0.229925
0.447474
0.214015
0.095450
0.595651
0.201832
0.570838
0.166375
0.907987
0.717014
0.002298
0.061013
0.025703
0.937943
0.000271
0.019832
0.486121
0.516284
0.819251
0.408896
0.337146
0.061451
0.347928
0.427459
0.554016
0.488043
0.254273
0.850810
0.070344
0.880588
0.605666
0.162382
0.967683
0.393502
0.969714
0.014274
0.959639
0.580983
0.312744
0.806812
0.354347
0.125780
0.584496
0.352123
0.826107
0.156028
0.471485
0.055750
0.400382
0.604266
0.639701
0.645856
0.891767
0.753594
0.624289
0.758200
0.774471
0.974601
0.623475
0.114119
0.085075
0.463879
0.751604
0.864289
0.796215
0.080538
0.636513
0.988749
0.050995
0.631400
0.750038
0.495211
0.174740
0.168661
0.047735
0.606994
0.860701
0.822043
0.693350
0.734196
0.012213
0.517622
0.154397
0.531147
0.631844
0.845367
0.921856
0.174374
0.220504
0.336649
0.169017
0.918458
0.292910
0.584496
0.217300
0.153527
0.460000
0.534424
0.462874
0.937862
0.574336
0.085973
0.334170
0.218417
0.900924
0.364733
0.006573
0.757422
0.152305
0.890170
0.667870
0.491759
0.631844
0.955314
0.988720
0.449055
0.842958
0.857076
0.100600
0.156028
0.049630
0.443929
0.217818
0.083655
0.609060
0.799856
0.525466
0.013703
0.240134
0.838100
0.673791
0.184949
0.288580
0.251449
0.191580
0.441378
0.417516
0.317862
0.911787
0.934132
0.897585
0.313164
0.347702
0.605371
0.182239
0.140832
0.466094
0.316273
0.836342
0.284150
0.992221
0.557484
0.505631
0.473108
0.615782
0.817426
0.587500
0.231010
0.414232
0.600876
0.638441
0.745542
0.171990
0.389117
0.357327
0.041999
0.131910
0.092809
0.673495
0.529014
0.059069
0.320203
0.737941
0.854618
0.651121
0.313059
0.615339
0.957606
0.126033
0.239016
0.673643
0.676675
0.533640
0.647635
0.904761
0.482835
0.154909
0.692541
0.566619
0.318340
0.289274
0.162979
0.572149
0.784836
0.049630
0.920853
0.389907
0.584789
0.236408
0.594181
0.365491
0.999442
0.137666
0.953988
0.099382
0.129873
0.377872
0.242859
0.937336
0.584496
0.618666
0.874876
0.491346
0.118575
0.300691
0.435003
0.655199
0.639405
0.992515
0.545734
0.921355
0.398409
0.479900
0.813427
0.610832
0.119079
0.106887
0.871062
0.952327
0.757422
0.743681
0.860937
0.648896
0.657274
0.714024
0.547315
0.625918
0.019605
0.609872
0.036205
0.554810
0.303506
0.863762
0.829054
0.252119
0.158747
0.778563
0.798982
0.787646
0.086679
0.864523
0.250869
0.999338
0.249313
0.984609
0.216504
0.911062
0.642000
0.643779
0.072467
0.913562
0.686793
0.609060
0.451497
0.918365
0.030166
0.563932
0.749895
0.455804
0.490450
0.726026
0.800596
0.255943
0.045188
0.264976
0.293160
0.586401
0.515370
0.728706
0.039275
0.361191
0.900260
0.016680
0.046803
0.772662
0.313532
0.815135
0.113564
0.183660
0.463745
0.855159
0.292060
0.277167
0.030801
0.137557
0.057494
0.119706
0.176919
0.686645
0.615486
0.898360
0.713878
0.687456
0.385306
0.413791
0.725083
0.413791
0.245478
0.533498
0.740096
0.319829
0.234838
0.569746
0.578936
0.166567
0.749753
0.610980
0.033764
0.684063
0.142903
0.747256
0.033817
0.849106
0.964370
0.020393
0.290764
0.325405
0.754659
0.815135
0.800730
0.613417
0.290316
0.846719
0.942334
0.519949
0.570838
0.559511
0.469459
0.461603
0.471214
0.872035
0.308100
0.455804
0.272108
0.422471
0.409021
0.189931
0.528233
0.619183
0.920762
0.511998
0.170711
0.457666
0.422726
0.932034
0.256034
0.980126
0.575430
0.650824
0.177560
0.342816
0.027167
0.966208
0.907247
0.914705
0.255446
0.405403
0.824176
0.280303
0.818274
0.209529
0.630881
0.098360
0.223420
0.142481
0.665130
0.788535
0.454941
0.761730
0.657571
0.824305
0.815987
0.811120
0.104203
0.399457
0.766580
0.041718
0.351270
0.908625
0.900158
0.248074
0.487013
0.397855
0.648599
0.039657
0.163672
0.968708
0.522564
0.913036
0.553222
0.034917
0.883346
0.026388
0.143269
0.458399
0.350872
0.518116
0.216663
0.054782
0.358190
0.567710
0.070570
0.230926
0.340640
0.039621
0.308100
0.683398
0.833187
0.245215
0.768752
0.626214
0.285523
0.970463
0.613565
0.481947
0.643928
0.550122
0.006846
0.305616
0.355950
0.588967
0.292510
0.094798
0.499854
0.918968
0.340863
0.380619
0.942412
0.790786
0.172419
0.748969
0.256124
0.528233
0.255943
0.623993
0.947183
0.021672
0.226695
0.938466
0.853956
0.969768
0.550915
0.313742
0.858923
0.093409
0.716066
0.499299
0.091122
0.827518
0.851599
0.059236
0.986325
0.609356
0.939266
0.122316
0.577036
0.480173
0.673347
0.722398
0.262476
0.478130
0.771895
0.416125
0.402423
0.700188
0.236408
0.289125
0.684875
0.060933
0.407147
0.767351
0.991317
0.127813
0.142228
0.837974
0.719853
0.022807
0.578424
0.465959
0.202923
0.683398
0.554810
0.213936
0.410524
0.549330
0.611940
0.794591
0.695558
0.471214
0.491483
0.273866
0.723487
0.045208
0.072839
0.400691
0.073104
0.037108
0.622365
0.880477
0.081945
0.823595
0.006612
0.885586
0.912413
0.113472
0.190002
0.544657
0.719853
0.393074
0.191724
0.478402
0.142706
0.668832
0.373006
0.045999
0.946366
0.804346
0.026886
0.325783
0.210381
0.362466
0.580983
0.060131
0.612752
0.848434
0.192517
0.546668
0.752670
0.911787
0.172584
0.904110
0.162382
0.164368
0.908724
0.723995
0.517341
0.964695
0.288927
0.517481
0.093955
0.431512
0.062607
0.760954
0.108985
0.716066
0.098849
0.896808
0.705175
0.501104
0.304688
0.812440
0.917154
0.137966
0.202923
0.593887
0.140416
0.517200
0.741818
0.843639
0.925359
0.179358
0.314321
0.559511
0.645040
0.942412
0.955449
0.244734
0.005923
0.443470
0.517975
0.142453
0.424705
0.815987
0.839600
0.751888
0.649860
0.377633
0.373124
0.101370
0.072731
0.290764
0.413917
0.740742
0.767211
0.456934
0.171925
0.848434
0.369941
0.505771
0.674309
0.388996
0.037453
0.153468
0.426497
0.524687
0.357327
0.266605
0.291312
0.736070
0.927561
0.262153
0.903457
0.748327
0.345506
0.700041
0.930374
0.199814
0.777317
0.117263
0.545447
0.259400
0.811450
0.200298
0.506539
0.665796
0.917854
0.497634
0.214448
0.519032
0.167209
0.504725
0.022935
0.379064
0.829309
0.323092
0.030478
0.791195
0.307633
0.593887
0.903557
0.825850
0.710080
0.556544
0.518891
0.950953
0.391610
0.583690
0.834704
0.446619
0.239445
0.713878
0.237431
0.748042
0.910432
0.417896
0.120919
0.610832
0.416252
0.282246
0.523908
0.661129
0.785111
0.239660
0.725374
0.099608
0.617556
0.393624
0.734340
0.498535
0.084575
0.775375
0.466497
0.371471
0.144061
0.062054
0.227851
0.428165
0.039426
0.705322
0.491208
0.739809
0.254273
0.817426
0.341978
0.532571
0.489968
0.953679
0.130445
0.598520
0.348889
0.240867
0.997064
0.631696
0.824305
0.595651
0.430674
0.955010
0.027787
0.016613
0.535209
0.406711
0.359170
0.614821
0.864289
0.957606
0.037183
0.855519
0.861469
0.119031
0.153199
0.051052
0.307633
0.254273
0.013874
0.010153
0.386755
0.172914
0.165481
0.575139
0.066610
0.351725
0.246531
0.524262
0.831538
0.607953
0.936196
0.909799
0.031212
0.542935
0.515651
0.331649
0.493415
0.852266
0.626881
0.364733
0.852145
0.086989
0.679115
0.035179
0.099567
0.404843
0.895767
0.364733
0.069267
0.425217
0.185614
0.752955
0.652752
0.743681
0.961893
0.062770
0.081016
0.255717
0.216942
0.995461
0.797971
0.970357
0.333456
0.993600
0.736070
0.842958
0.244079
0.023015
0.929342
0.804947
0.652752
0.326107
0.047387
0.689815
0.040987
0.993730
0.298301
0.779739
0.067679
0.603307
0.597563
0.149182
0.823337
0.752670
0.725229
0.689373
0.181206
0.993839
0.331759
0.757280
0.786002
0.254273
0.237431
0.760037
0.416252
0.892244
0.705469
0.012655
0.159271
0.611127
0.678302
0.649860
0.831411
0.312849
0.078669
0.981153
0.580983
0.604118
0.183590
0.145484
0.869800
0.556689
0.054471
0.020331
0.133176
0.234838
0.133814
0.358824
0.988529
0.190002
0.839850
0.069460
0.794320
0.041356
0.330122
0.448330
0.498397
0.466968
0.143269
0.407959
0.266886
0.762504
0.302173
0.256124
0.670757
0.591169
0.305719
0.177864
0.625918
0.820357
0.857494
0.675418
0.118575
0.196854
0.101537
0.399210
0.363221
0.370588
0.892932
0.699086
0.005815
0.225873
0.117073
0.403105
0.687899
0.863762
0.378408
0.043596
0.247191
0.524545
0.736358
0.067708
0.090045
0.166151
0.786002
